Thu Jun 17 17:30:01 CDT 2010
 17:30:01 up  1:13,  1 user,  load average: 0.32, 0.25, 0.10



 eth0                                                                     17:26 
  ^                    r                                                        
  |                    r                                                        
  |                    r                                                        
  |                    r                                                        
  |                    r                                                        
  |                    r                                                        
  |                    r                                                        
  |                    r                                                        
  |                    r                                                        
  |                    r                                                  r     
 -+---------------------------------------------------------------------------> 
  |  18 19 20 21 22 23 00 01 02 03 04 05 06 07 08 09 10 11 12 13 14 15 16 17    
                                                                                
 h  rx (KiB)   tx (KiB)      h  rx (KiB)   tx (KiB)      h  rx (KiB)   tx (KiB) 
18          0          0    02         20         15    10          5          6
19          0          0    03        443        602    11        102         76
20          0          0    04          5          7    12        299        249
21          0          0    05          9         12    13        347        277
22        557        256    06        455         31    14        275        237
23        131        152    07          5          7    15        232        236
00       9120        746    08          5          7    16        367        405
01         59         70    09          6          9    17       1270        543
